 183 3
 183 3
 192 3
 38 3
 19 2
 41 2
 93 3
 76 2
 124 3
 49 3
 11 3
 81 3
 50 2
 65 3
 27 2
 145 3
 155 3
 170 2
 168 3
 163 2
 84 3
 152 3
 28 3
 45 3
 125 3
 90 2
 66 2
 94 2
 10 2
 153 2
 181 3
 117 3
 33 2
 93 3
 161 3
 45 2
 199 3
 33 3
 29 2
 147 2
 18 2
 99 3
 196 3
 73 3
 130 2
 47 3
172 2
 196 3
 147 2
 37 2
 85 3
 190 3
 161 2
 14 2
 140 2
 39 3
 117 3
 144 2
 24 3
 155 3
 172 2
 125 2
 119 2
 121 2
 70 2
 128 2
 176 2
 77 2
 35 3
 196 2
 140 3
 76 2
 4 2
 20 2
 194 2
 116 3
 15 3
 200 3
 108 2
 157 2
 88 3
 39 3
 117 3
 144 2
 24 3
 155 3
 172 2
 125 2
 119 2
 121 2
 70 2
 128 2
 176 2
 77 2
 39 3
 117 3
 144 2
 24 3
 155 3
 172 2
 125 2
 39 3
 117 3
 144 2
 24 3
 155 3
