Initialization
--------------------------------------------------------------
 Step |   Time |      Value |   node_per_layer |   num_layer |
    1 | 01m01s |   -0.04954 |          89.6787 |      2.5236 |
    2 | 00m36s |   -0.06106 |          56.3109 |      2.7769 |
Bayesian Optimization
--------------------------------------------------------------
 Step |   Time |      Value |   node_per_layer |   num_layer |
    3 | 01m04s |   -0.04753 |         200.0000 |      2.0000 |
    4 | 00m51s |   -0.06086 |         147.1453 |      2.0016 |
    5 | 01m35s |   -0.05240 |         199.9099 |      2.9973 |
    6 | 00m21s |   -0.99906 |           1.0687 |      2.0006 |
    7 | 00m40s |   -0.07505 |          71.4727 |      2.0000 |
    8 | 01m04s |   -0.04669 |         117.5790 |      3.0000 |
    9 | 01m01s |   -0.05782 |         177.7926 |      2.0000 |
   10 | 01m01s |   -0.04731 |         102.9721 |      3.0000 |
   11 | 00m49s |   -0.06721 |         129.2390 |      2.0010 |
   12 | 01m21s |   -0.04631 |         161.8990 |      2.9996 |
   13 | 00m50s |   -0.05401 |          91.7415 |      3.0000 |
   14 | 00m43s |   -0.06652 |         110.5364 |      2.0000 |
   15 | 00m30s |   -0.09386 |          45.1256 |      2.0000 |
   16 | 01m02s |   -0.04763 |         191.2763 |      2.0025 |
   17 | 01m15s |   -0.04776 |         153.8785 |      2.9985 |
   18 | 01m11s |   -0.04472 |         139.9482 |      2.9993 |
   19 | 00m37s |   -0.07175 |          84.1547 |      2.0035 |
   20 | 00m38s |   -0.07254 |          95.8008 |      2.0008 |
   21 | 01m24s |   -0.04203 |         169.4249 |      3.0000 |
   22 | 00m32s |   -0.07429 |          62.2302 |      2.0042 |
   23 | 01m06s |   -0.04258 |         124.5849 |      2.9988 |
   24 | 01m13s |   -0.04814 |         146.1289 |      3.0000 |
   25 | 00m56s |   -0.05675 |         168.1705 |      2.0023 |
   26 | 01m29s |   -0.04270 |         185.3522 |      2.9992 |
   27 | 01m08s |   -0.04619 |         133.7122 |      2.9996 |
   28 | 01m00s |   -0.05971 |         106.8745 |      2.9983 |
   29 | 01m04s |   -0.04073 |         121.8071 |      2.9970 |
   30 | 00m48s |   -0.06581 |          66.8033 |      2.9993 |
   31 | 01m24s |   -0.04622 |         173.5585 |      2.9973 |
   32 | 00m29s |   -0.09309 |          31.7965 |      3.0000 |
   33 | 01m04s |   -0.04742 |         196.3505 |      2.0000 |
   34 | 01m22s |   -0.05760 |         166.9524 |      2.9993 |
   35 | 01m17s |   -0.04284 |         158.3887 |      2.9981 |
   36 | 01m25s |   -0.04280 |         170.9609 |      2.9975 |
   37 | 00m37s |   -0.07865 |          38.1547 |      3.0000 |
   38 | 01m30s |   -0.04132 |         189.8460 |      2.9999 |
   39 | 01m25s |   -0.04303 |         180.4542 |      2.9993 |
   40 | 00m51s |   -0.05141 |          87.8312 |      2.9942 |
   41 | 01m37s |   -0.04173 |         192.7399 |      2.9974 |
   42 | 00m39s |   -0.06458 |          50.4355 |      2.9990 |
   43 | 01m12s |   -0.04444 |         136.7789 |      2.9935 |
   44 | 00m53s |   -0.04697 |         159.6222 |      2.0057 |
   45 | 00m45s |   -0.05541 |         119.7095 |      2.0011 |
   46 | 01m05s |   -0.04859 |         122.7961 |      2.9975 |
   47 | 01m04s |   -0.04922 |         127.5932 |      3.0000 |
   48 | 01m04s |   -0.04672 |         120.0512 |      3.0000 |
   49 | 00m31s |   -0.09670 |          20.8499 |      3.0000 |
   50 | 00m27s |   -0.11962 |          25.1798 |      2.0000 |
   51 | 01m04s |   -0.04701 |         113.8541 |      2.9973 |
   52 | 00m52s |   -0.05104 |          77.0012 |      3.0000 |
   53 | 00m42s |   -0.05587 |          60.3641 |      3.0000 |
   54 | 00m45s |   -0.06198 |         103.5788 |      2.0062 |
   55 | 01m18s |   -0.04850 |         149.9314 |      2.9976 |
   56 | 01m09s |   -0.04391 |         125.6132 |      2.9993 |
   57 | 00m25s |   -0.15912 |          15.9697 |      2.0000 |
   58 | 00m53s |   -0.05721 |          73.6250 |      3.0000 |
   59 | 01m01s |   -0.04690 |          99.7413 |      2.9994 |
   60 | 01m28s |   -0.05026 |         177.4385 |      3.0000 |
   61 | 01m31s |   -0.04273 |         182.9095 |      2.9987 |
   62 | 00m31s |   -0.10881 |          35.4292 |      2.0000 |
   63 | 00m48s |   -0.05671 |         115.2812 |      2.0108 |
   64 | 01m14s |   -0.04328 |         142.9358 |      3.0000 |
   65 | 01m04s |   -0.06158 |         186.6671 |      2.0034 |
   66 | 00m52s |   -0.05026 |          80.4411 |      2.9985 |
   67 | 01m08s |   -0.04467 |         121.2918 |      2.9799 |
   68 | 00m55s |   -0.15797 |         138.5855 |      2.0000 |
   69 | 01m00s |   -0.05892 |         152.5056 |      2.0008 |
   70 | 01m18s |   -0.05381 |         130.7520 |      2.9979 |
   71 | 00m35s |   -0.07683 |          52.4572 |      2.0000 |
   72 | 00m42s |   -0.07402 |          78.9169 |      2.0000 |
   73 | 00m42s |   -0.06272 |          42.4031 |      3.0000 |
   74 | 00m58s |   -0.05522 |         156.1717 |      2.0053 |
   75 | 00m45s |   -0.06163 |          53.6217 |      3.0000 |
   76 | 00m55s |   -0.05268 |          70.1372 |      2.9902 |
   77 | 01m09s |   -0.05397 |         194.1012 |      2.0044 |
   78 | 01m43s |   -0.06500 |         197.4263 |      2.9950 |
   79 | 01m37s |   -0.04122 |         191.1249 |      2.9984 |
   80 | 01m04s |   -0.05651 |         172.3563 |      2.0007 |
   81 | 01m22s |   -0.04420 |         160.1388 |      2.9983 |
   82 | 01m34s |   -0.09444 |         187.6618 |      2.9960 |
   83 | 01m06s |   -0.05545 |         184.3944 |      2.0000 |
   84 | 01m32s |   -0.09959 |         184.4463 |      2.9980 |
   85 | 01m07s |   -0.06563 |         181.8969 |      2.0000 |
   86 | 00m31s |   -0.15706 |          10.7274 |      3.0000 |
   87 | 00m36s |   -0.11759 |          40.4826 |      2.0000 |
   88 | 01m35s |   -0.04380 |         181.9558 |      2.9899 |
   89 | 00m38s |   -0.09577 |          27.7491 |      3.0000 |
   90 | 00m46s |   -0.06748 |          46.9485 |      3.0000 |
   91 | 00m39s |   -0.08730 |          58.8841 |      2.0000 |
   92 | 00m51s |   -0.06022 |         100.6044 |      2.0000 |
   93 | 01m03s |   -0.09013 |         164.0362 |      2.0000 |
   94 | 00m33s |   -0.12758 |          13.8811 |      3.0000 |
   95 | 01m37s |   -0.04714 |         185.9333 |      2.8560 |
   96 | 00m35s |   -0.13806 |          29.7260 |      2.0000 |
   97 | 00m53s |   -0.06010 |          63.7379 |      3.0000 |
   98 | 00m56s |   -0.06116 |         124.9129 |      2.0052 |
   99 | 00m47s |   -0.06617 |          92.3875 |      2.0000 |
  100 | 01m01s |   -0.05310 |          83.4941 |      3.0000 |