[5000, 0.0014850313987302452, 0.0013284131717001123]
[10000, 0.0010897066418956698, 0.0005370627301161083]
[20000, 0.0006261797631014572, 0.0002393454209593667]
[30000, 0.0005880704754538466, 0.0001830767681239941]
[40000, 0.0005410831895478449, 0.00013625771290795956]
[50000, 0.0004776743855651403, 7.763777474954456e-05]
[60000, 0.0005856561586162922, 0.0002685555175271026]
[70000, 0.0006158133390291658, 0.00019831277736513076]
[80000, 0.000581687928541875, 0.0002094152602554249]
[90000, 0.0005722845332951144, 0.00017033542226727624]
[100000, 0.0005066808410353191, 0.0001266549140614121]